C =

       21592         258
         146          26


ans =

    0.9817


ans =

    0.0915


ans =

    0.1512


ans =

    0.9882


C =

       21543         307
         142          30


ans =

    0.9796


ans =

    0.0890


ans =

    0.1744


ans =

    0.9859
